mesh:
  n_cells: 1000
  length: 2.5
outlet:
  position: -1
  temperature: 951.0693987585382
  density: 0.41447120011663247
  velocity: 1.135977463987104
  massFlowrate: 2.311181077193322
  speciesMassFractions:
    so2: 0.07094114341682528
    o2: 0.15240787768266362
    n2: 0.6606333655414152
    so3: 0.11601761335909584
  concentrations:
    so2: 0.45942282577527677
    o2: 1.9740211240738288
    n2: 9.779053709037152
    so3: 0.6010744930451487
